0.000340029487606
0.000255878575818
0.000420841598737
0.000239409977592
0.000311666990971
0.000319149724535
0.000238617670349
0.000428420338266
0.000313775048148
0.000422391053548
0.000214661302379
0.000326861719561
0.000346137149708
0.000382024876232
0.00025219790892
0.000293295841738
0.000336767826996
0.000486847850388
0.00029857791965
0.00033870560255
0.000350487150742
0.000374399373853
0.000198812472105
0.000300147225894
0.000348105429485
0.00031761932764
0.000313394582349
0.000206618709566
0.000313799721911
0.000191883805059
